ppfn=shuttle_1pulse_heat
array_num_values_na=10
array_dim_na=2
na[0]=24
na[1]=1
na[2]=1
na[3]=1
na[4]=1
na[5]=1
na[6]=1
na[7]=1
na[8]=1
na[9]=1
ch1=2
sf1=50.307500000000
sf2=143.865544000000
pw90X=0.000002800000s
tau_Heat=0.000001000000s
rd=0.000004000000s
dw=0.000250000000s
ad=0.000004000000s
sw=4.000000000000
pd=5.000000000000s
aqtm=0.064000000000s
aX=1.000000000000
scX=0.400000000000
aHeat=0.000000000000
fo_Heat=300000.000000000000
al=256
waitflag=0
rb=5.200000000000
txduty1=0.000001000000
rg=50.000000000000
