ppfn=nuta
na=8
ch1=3
sf1=20.000000000000
sf2=600.130000000000
sf3=158.694722000000
nut=0.000000200000s
rd=0.000004000000s
ad=0.000004000000s
dw=0.000004000000s
dw2=0.000000500000s
sw=250.000000000000
sw2=1000.000000000000
pd=10.000000000000s
aqtm=0.002048000000s
aX=0.100000000000
p=0.000000000000
scX=1.000000000000
al=512
al2=180
dp=0
rb=325.000000000000
txduty1=0.000000000000
rg=128.000000000000
time1d=1.333607000000
time2d=4.000823000000
