datatype=0
datastyle=0
domain1=0
current_size1=0
ft1=1
em1=1
bc1=1
phase_last_global1=1
phase1=1
mult_1st_pt1=1
em_lb1=500.000000
em_ctr1=0.000000
gm_gb1=500.000000
gm_ctr1=0.000000
sm_ctr1=0.000000
kw_ctr1=0.000000
kw_theta1=0.000000
tm_tb11=0.000000
tm_tb21=0.000000
tm_tb31=0.000000
tm_tb41=0.000000
hamming_ctr1=0.000000
hanning_ctr1=0.000000
han_enh_ctr1=0.000000
dl1=1024
ph01=0.000000
ph11=0.000000
tph01=0.000000
tph11=0.000000
ds_num1=0
bcp_order1=0
pc1=0.000000
pcl1=0.000000
setsize_size1=0
multiplier_for_1st_pt1=0.500000
decimate_factor1=1
filter_name1=
blp_num_pred_pts1=2
lp_backward1=2
flp_num_pred_pts1=0
lp_forward1=0
shear_angle1=0.000000
domain2=0
current_size2=0
em2=1
bc2=1
rcft2=1
em_lb2=0.000000
em_ctr2=0.000000
gm_gb2=0.000000
gm_ctr2=0.000000
sm_ctr2=0.000000
kw_ctr2=0.000000
kw_theta2=0.000000
tm_tb12=0.000000
tm_tb22=0.000000
tm_tb32=0.000000
tm_tb42=0.000000
hamming_ctr2=0.000000
hanning_ctr2=0.000000
han_enh_ctr2=0.000000
dl2=720
ph02=0.000000
ph12=0.000000
tph02=0.000000
tph12=0.000000
ds_num2=0
bcp_order2=0
pc2=0.000000
pcl2=0.000000
setsize_size2=0
multiplier_for_1st_pt2=0.000000
decimate_factor2=1
filter_name2=
blp_num_pred_pts2=0
lp_backward2=0
flp_num_pred_pts2=0
lp_forward2=0
shear_angle2=0.000000
panel_r_macro=0
macro=proc_macro
